[[ 71.44388 ]
 [ 74.05446 ]
 [ 75.226105]
 ...
 [ 80.92078 ]
 [148.7588  ]
 [ 74.429596]]
[[ 71.44388 ]
 [ 74.05446 ]
 [ 75.226105]
 ...
 [ 80.92078 ]
 [148.7588  ]
 [ 74.429596]]
[[ 71.44388 ]
 [ 74.05446 ]
 [ 75.226105]
 ...
 [ 80.92078 ]
 [148.7588  ]
 [ 74.429596]]
[[ 71.44388 ]
 [ 74.05446 ]
 [ 75.226105]
 ...
 [ 80.92078 ]
 [148.7588  ]
 [ 74.429596]]
[[ 65.52126 ],
 [ 69.198906],
 [ 73.842636],
 ...,
 [ 81.64601 ],
 [148.31116 ],
 [ 74.68021 ]]
[[ 66.89321 ],
 [ 67.91162 ],
 [ 67.848785],
 ...,
 [ 71.92671 ],
 [141.80257 ],
 [ 69.983185]]
[[ 71.44388 ],
 [ 74.05446 ],
 [ 75.226105],
 ...,
 [ 80.92078 ],
 [148.7588  ],
 [ 74.429596]]
[[ 78.39871 ],
 [ 81.151535],
 [ 80.31517 ],
 ...,
 [ 81.984665],
 [169.65747 ],
 [ 79.475235]]
